atlas_pages 9
       session_id   coverage  max_gap_min  gaps_gt_10m  inner_fraction  time_to_confirmed_stop_min  pre_obs_6h  pre_max_dist_km  high_stale_fraction
count          79  79.000000    79.000000    79.000000       79.000000                   71.000000   79.000000        79.000000            79.000000
unique         79        NaN          NaN          NaN             NaN                         NaN         NaN              NaN                  NaN
top        AU-001        NaN          NaN          NaN             NaN                         NaN         NaN              NaN                  NaN
freq            1        NaN          NaN          NaN             NaN                         NaN         NaN              NaN                  NaN
mean          NaN   0.633185   788.829747     8.721519        0.932394                  277.951995  235.860759        50.432589             0.021289
std           NaN   0.325318   842.458671    11.729796        0.197268                  677.713945   88.339922        28.986303             0.058954
min           NaN   0.029905     1.016667     0.000000        0.021071                   33.025000    9.000000         1.102075             0.000000
25%           NaN   0.352398    89.541667     1.500000        0.987263                   52.212500  181.500000        30.665272             0.000000
50%           NaN   0.726027   543.933333     5.000000        1.000000                   68.475000  243.000000        47.920472             0.000000
75%           NaN   0.920415  1440.316667    10.000000        1.000000                  120.083333  305.000000        62.884385             0.008620
max           NaN   1.013166  3723.700000    56.000000        1.000000                 3576.458333  355.000000       128.751937             0.312500
